786
250
522
988
194
708
838
604
462
566
85
103
919
184
553
618
348
310
72
171
712
921
869
894
290
495
827
309
2
462
842
788
712
716
129
258
777
319
863
239
885
948
694
156
132
247
775
480
909
199
3
974
120
873
868
763
720
695
424
722
509
618
862
573
335
991
831
112
311
694
703
196
994
398
353
478
997
480
311
907
679
314
881
152
187
749
915
907
796
691
981
305
309
844
878
996
187
61
460
498
756
516
47
102
914
400
581
263
880
892
170
911
558
51
63
98
152
330
357
948
21
339
605
683
535
483
679
722
545
140
221
653
8
268
107
274
20
40
537
900
284
708
811
843
111
227
941
616
557
298
916
931
637
522
614
172
357
293
247
254
785
468
907
145
88
367
419
108
407
957
360
692
17
171
535
128
750
828
96
660
126
13
591
116
887
205
640
244
850
887
499
988
707
758
133
795
477
553
903
885
510
263
577
879
787
464
7
537
292
456
197
418
821
788
886
708
345
527
304
548
766
155
536
474
266
21
269
743
574
525
628
436
788
557
315
575
21
675
465
313
483
662
84
304
803
970
12
500
849
668
48
968
824
936
794
90
958
63
833
884
588
814
673
729
723
340
656
745
367
121
410
850
136
494
506
291
817
870
791
18
539
192
338
363
480
132
805
790
548
990
27
488
156
700
217
880
392
874
625
112
995
35
962
483
882
821
774
51
691
918
421
230
110
760
945
942
244
102
733
792
93
760
281
249
812
850
129
204
76
106
316
72
142
631
907
376
452
682
779
495
600
200
78
62
312
23
356
557
126
89
701
571
849
982
820
13
185
950
218
261
56
886
685
550
517
593
278
321
627
57
817
227
610
247
641
922
270
997
831
748
439
533
319
640
867
492
654
52
794
872
314
202
110
351
753
628
944
383
301
571
793
470
150
403
717
143
677
340
493
861
440
932
394
760
572
613
252
226
18
46
450
684
248
561
35
353
541
332
89
194
903
882
665
406
637
734
901
314
74
394
527
515
678
273
627
603
887
231
181
905
629
632
589
229
545
976
583
438
308
672
632
564
906
297
970
543
384
871
209
458
618
737
325
296
10
952
251
249
535
433
506
164
65
95
394
962
424
329
400
732
353
32
296
259
682
618
154
66
842
363
